camera:
  image_topic_name:
  depth_topic_name:

  intrinsics:
    fx: 260.8450622558594
    fy: 260.8450622558594
    cx: 324.6383056640625
    cy: 178.55564880371094    

  extrinsics:
    x: 1.04
    y: 0.0
    z: 0.84
    qw: 0.68421587   
    qx: 0.63428563
    qy: -0.22690795
    qz: -0.27936206
